1721607804937 0.016684046015143394 0
1721607905016 0.04650677740573883 1
1721607997090 0.11115745455026627 2
1721608090023 0.21001042425632477 3
1721608182144 0.3119916617870331 4
1721608274882 0.3891553580760956 5
1721608366674 0.46298226714134216 6
1721608458882 0.5263816714286804 7
1721608551238 0.5862356424331665 8
1721608643562 0.638164758682251 9
1721608734592 0.6794577836990356 10
1721608828976 0.7176225185394287 11
1721608920952 0.7495307326316833 12
1721609012700 0.785610020160675 13
1721609104534 0.8246089816093445 14
1721609196143 0.8552659153938293 15
1721609287922 0.8692387938499451 16
1721609379718 0.8948904871940613 17
1721609471860 0.9167883396148682 18
1721609562904 0.9178310632705688 19
1721609654615 0.9424400329589844 20
1721609745528 0.9418143630027771 21
1721609838917 0.9539103507995605 22
1721609930271 0.9630865454673767 23
1721610022028 0.9676746726036072 24
1721610114027 0.9733055233955383 25
1721610205170 0.978310763835907 26
1721610296994 0.9778936505317688 27
1721610390139 0.980187714099884 28
1721610484409 0.9835245013237 29
1721610580551 0.9891553521156311 30
1721610679245 0.9906152486801147 31
1721610775996 0.9912408590316772 32
1721610874588 0.9927007555961609 33
1721610973224 0.9922836422920227 34
1721610987009 0.9676746726036072 35
