1721607804937 4.862222194671631 0
1721607905016 4.412007808685303 1
1721607997090 3.9917900562286377 2
1721608090023 3.461580276489258 3
1721608182144 2.896239757537842 4
1721608274882 2.441901922225952 5
1721608366674 2.088513135910034 6
1721608458882 1.7938423156738281 7
1721608551238 1.540569543838501 8
1721608643562 1.3588151931762695 9
1721608734592 1.1674184799194336 10
1721608828976 1.0140427350997925 11
1721608920952 0.8892567157745361 12
1721609012700 0.7489443421363831 13
1721609104534 0.6345113515853882 14
1721609196143 0.5393174886703491 15
1721609287922 0.4777749478816986 16
1721609379718 0.402566134929657 17
1721609471860 0.3500880300998688 18
1721609562904 0.3115644156932831 19
1721609654615 0.26064518094062805 20
1721609745528 0.2385714203119278 21
1721609838917 0.20709381997585297 22
1721609930271 0.17842981219291687 23
1721610022028 0.15353181958198547 24
1721610114027 0.13785295188426971 25
1721610205170 0.11383786052465439 26
1721610296994 0.1112682893872261 27
1721610390139 0.10048410296440125 28
1721610484409 0.08892780542373657 29
1721610580551 0.07821792364120483 30
1721610679245 0.06717915087938309 31
1721610775996 0.06624311953783035 32
1721610874588 0.05697904899716377 33
1721610973224 0.05388713255524635 34
1721610987009 0.15353181958198547 35
